#初始化

20200826
20200826
20200827
20200827
20200828
20200829
20200830
20200831
20200901
20200902
20200903
20200904
20200905
20200906
20200907
20200908
20200909
20200910
20200911
20200912
20200913
20200914
20200915
20200916
20200917
20200918
20200919
20200920
20200921
20200922
20200923
20200924
20200925
20200926
20200927
20200928
20200929
20200930
20201001
20201002
20201003
20201004
20201005
20201006
20201007
20201008
20201009
20201010
20201011
20201012
20201013
20201014
20201015
20201016
20201017
